#       O3      NO2     NO
2014-10-01_03	32	42	1
2014-10-01_04	32	42	1
2014-10-01_05	23	42	1
2014-10-01_06	16	43	2
2014-10-01_07	8	41	2
2014-10-01_08	2	43	5
2014-10-01_09	19.5	46	12
2014-10-01_10	37	28	2
2014-10-01_11	51	24	1
2014-10-01_12	54	28	3
2014-10-01_13	53	39	6
2014-10-01_14	58	38	5
2014-10-01_15	82	25	5
2014-10-01_16	98	15	2
2014-10-01_17	103	15	2
2014-10-01_18	115	15	2
2014-10-01_19	114	14	1
2014-10-01_20	87	14	1
2014-10-01_21	78	16	0
2014-10-01_22	70	15	0
2014-10-01_23	71	15	0
2014-10-02_00	65	15	0
2014-10-02_01	63	13	0
2014-10-02_02	54	14	0
2014-10-02_03	52	11	0
2014-10-02_04	58	9	0
2014-10-02_05	58	7	0
2014-10-02_06	59	6	0
2014-10-02_07	62	4	0
2014-10-02_08	65	5	0
2014-10-02_09	55	11	0
2014-10-02_10	45	22	0
2014-10-02_11	34	31	3
2014-10-02_12	46	21	4
2014-10-02_13	55	18	3
2014-10-02_14	60	15	3
2014-10-02_15	64	15	3
2014-10-02_16	65	13	3
2014-10-02_17	51	17	3
2014-10-02_18	51	13	3
2014-10-02_19	48	13	3
2014-10-02_20	41	18	3
2014-10-02_21	37	20	1
2014-10-02_22	35	22	1
2014-10-02_23	36	22	1
2014-10-03_00	36	24	1
2014-10-03_01	43	17	0
2014-10-03_02	47	14	0
2014-10-03_03	45	15	0
2014-10-03_04	39	17.5	0
2014-10-03_05	33	20	0
2014-10-03_06	45	11	0
2014-10-03_07	50	6	0
2014-10-03_08	45	11	0
2014-10-03_09	32.5	16	0
2014-10-03_10	20	29	2
2014-10-03_11	29	27	5
2014-10-03_12	39	21	4
2014-10-03_13	45	17	3
2014-10-03_14	58	11	3
2014-10-03_15	64	9	2
2014-10-03_16	63	10	3
2014-10-03_17	59	12	4
2014-10-03_18	62	9	2
2014-10-03_19	56.5	11	1.66666666666667
2014-10-03_20	51	13	1.33333333333333
2014-10-03_21	46	15	1
2014-10-03_22	44	16	0
2014-10-03_23	43	17	0
2014-10-04_00	42	18	0
2014-10-04_01	44	16	0
2014-10-04_02	42	16	0
2014-10-04_03	47	12	0
2014-10-04_04	45	10.5	0
2014-10-04_05	49	9	0
2014-10-04_06	51	7	0
2014-10-04_07	50	7	0
2014-10-04_08	52	5	0
2014-10-04_09	47.5	8	0
2014-10-04_10	43	14	1
2014-10-04_11	44	15	1
2014-10-04_12	52	13	2
2014-10-04_13	55	12	2
2014-10-04_14	58	9	1
2014-10-04_15	64	7	1
2014-10-04_16	69	6	1
2014-10-04_17	70	6	1
2014-10-04_18	72	6	1
2014-10-04_19	70	6	1
2014-10-04_20	64	8	1
2014-10-04_21	57	10	1
2014-10-04_22	55	12	0
2014-10-04_23	51	13	0
2014-10-05_00	53	9	0
2014-10-05_01	49	12	0
2014-10-05_02	47	14	0
2014-10-05_03	48	12	0
2014-10-05_04	46	10	0
2014-10-05_05	53	8	0
2014-10-05_06	55	6	0
2014-10-05_07	55	4	0
2014-10-05_08	51	5	0
2014-10-05_09	46	11	0
2014-10-05_10	41	14	1
2014-10-05_11	52	8	1
2014-10-05_12	54	7	2
2014-10-05_13	62	5	1
2014-10-05_14	68	4	1
2014-10-05_15	72	4	0
2014-10-05_16	67	7	1
2014-10-05_17	63	8	2
2014-10-05_18	65	7	1
2014-10-05_19	62	9	2
2014-10-05_20	62	8	1
2014-10-05_21	52	14	1
2014-10-05_22	46	17	0
2014-10-05_23	54	11	0
2014-10-06_00	52	12	0
2014-10-06_01	48	15	0
2014-10-06_02	53	11	0
2014-10-06_03	55	8	0
2014-10-06_04	53	7.5	0
2014-10-06_05	52	7	0
2014-10-06_06	52	7	0
2014-10-06_07	47	9	0
2014-10-06_08	50	8	0
2014-10-06_09	44	14	0
2014-10-06_10	38	20	2
2014-10-06_11	41	22	6
2014-10-06_12	46	20	5
2014-10-06_13	53	21	7
2014-10-06_14	65	23	5
2014-10-06_15	82	26	5
2014-10-06_16	100	23	3
2014-10-06_17	123	21	2
2014-10-06_18	130	24	1
2014-10-06_19	113	28	2
2014-10-06_20	90	30	2
2014-10-06_21	66	32	1
2014-10-06_22	45	36	1
2014-10-06_23	39	35	1
2014-10-07_00	31	41	1
2014-10-07_01	21	48	1
2014-10-07_02	5	59	5
2014-10-07_03	2	60	20
2014-10-07_04	2	54.5	14.5
2014-10-07_05	3	49	9
2014-10-07_06	8	42	2
2014-10-07_07	32	22	1
2014-10-07_08	39	16	1
2014-10-07_09	29.5	20	1
2014-10-07_10	20	30	4
2014-10-07_11	16	36	12
2014-10-07_12	18	42	19
2014-10-07_13	32	49	23
2014-10-07_14	54	49	14
2014-10-07_15	83	40	6
2014-10-07_16	106	35	3
2014-10-07_17	121	30	2
2014-10-07_18	122	25	1
2014-10-07_19	119	29	1
2014-10-07_20	65	66	5
2014-10-07_21	31	73	5
2014-10-07_22	26	68	2
2014-10-07_23	6	77	6
2014-10-08_00	3	76	18
2014-10-08_01	2	68	23
2014-10-08_02	2	60	21
2014-10-08_03	2	60	37
2014-10-08_04	2	55.5	47.5
2014-10-08_05	3	51	58
2014-10-08_06	3	53	51
2014-10-08_07	3	50	38
2014-10-08_08	2	44	34
2014-10-08_09	2.5	42	42
2014-10-08_10	3	41	47
2014-10-08_11	16	48	24
2014-10-08_12	36	47	16
2014-10-08_13	62	42	10
2014-10-08_14	85	36	6
2014-10-08_15	128	18	1
2014-10-08_16	157	16	1
2014-10-08_17	176	19	0
2014-10-08_18	179	29	1
2014-10-08_19	143	31	1
2014-10-08_20	104	35	2
2014-10-08_21	90	43	2
2014-10-08_22	67	49	2
2014-10-08_23	40	57	4
2014-10-09_00	35	58	5
2014-10-09_01	35	57	5
2014-10-09_02	21	65	6
2014-10-09_03	7	77	8
2014-10-09_04	8	74	8
2014-10-09_05	6	71	8
2014-10-09_06	6	64	10
2014-10-09_07	13	58	7
2014-10-09_08	21	45	7
2014-10-09_09	17	35	6
2014-10-09_10	13	52	15
2014-10-09_11	32	51	16
2014-10-09_12	52	54	13
2014-10-09_13	75	57	11
2014-10-09_14	97	57	8
2014-10-09_15	122	52	5
2014-10-09_16	157	34	2
2014-10-09_17	162	20	1
2014-10-09_18	169	18	1
2014-10-09_19	174	20	1
2014-10-09_20	158	34	1
2014-10-09_21	107	54	2
2014-10-09_22	65	64	3
2014-10-09_23	51	58	4
2014-10-10_00	34	59	5
2014-10-10_01	24	66	6
2014-10-10_02	10	79	8
2014-10-10_03	16	70	8
2014-10-10_04	13	66	8
2014-10-10_05	11	62	8
2014-10-10_06	35	42	6
2014-10-10_07	50	27	5
2014-10-10_08	28	36	8
2014-10-10_09	23.5	37	8
2014-10-10_10	19	40	11
2014-10-10_11	19	57	28
2014-10-10_12	37	68	25
2014-10-10_13	66	65	14
2014-10-10_14	105	59	8
2014-10-10_15	137	33	3
2014-10-10_16	150	20	1
2014-10-10_17	155	18	1
2014-10-10_18	144	18	1
2014-10-10_19	148	19	1
2014-10-10_20	140	20	1
2014-10-10_21	146	33	1
2014-10-10_22	135	52	1
2014-10-10_23	86	61	2
2014-10-11_00	55	72	3
2014-10-11_01	18	104	7
2014-10-11_02	3	125	24
2014-10-11_03	3	114	27
2014-10-11_04	3	104.5	38
2014-10-11_05	3	95	49
2014-10-11_06	3	93	28
2014-10-11_07	3	85	46
2014-10-11_08	4	87	68
2014-10-11_09	7	81	39
2014-10-11_10	10	70	22
2014-10-11_11	29	74	26
2014-10-11_12	63	79	16
2014-10-11_13	102	97	13
2014-10-11_14	140	59	6
2014-10-11_15	178	31	2
2014-10-11_16	262	35	1
2014-10-11_17	242	33	1
2014-10-11_18	258	36	1
2014-10-11_19	285	36	1
2014-10-11_20	179	38	2
2014-10-11_21	138	37	2
2014-10-11_22	100	39	3
2014-10-11_23	73	40	4
2014-10-12_00	56	43	6
2014-10-12_01	30	60	8
2014-10-12_02	19	67	9
2014-10-12_03	8	78	10
2014-10-12_04	4	78.5	11
2014-10-12_05	6	79	12
2014-10-12_06	14	71	10
2014-10-12_07	21	60	10
2014-10-12_08	22	53	8
2014-10-12_09	17.5	43	9
2014-10-12_10	13	41	13
2014-10-12_11	54	50	12
2014-10-12_12	97	48	9
2014-10-12_13	120	43	7
2014-10-12_14	150	34	4
2014-10-12_15	173	25	2
2014-10-12_16	165	18	1
2014-10-12_17	167	16	1
2014-10-12_18	167	20	2
2014-10-12_19	179	16	1
2014-10-12_20	171	18	1
2014-10-12_21	144	25	1
2014-10-12_22	144	51	1
2014-10-12_23	80	72	3
2014-10-13_00	22	85	5
2014-10-13_01	12	85	7
2014-10-13_02	4	95	21
2014-10-13_03	4	100	26
2014-10-13_04	18	79.5	17
2014-10-13_05	40	59	8
2014-10-13_06	26	66	9
2014-10-13_07	21	68	10
2014-10-13_08	34	56	10
2014-10-13_09	30	51	9
2014-10-13_10	26	64	16
2014-10-13_11	20	90	33
2014-10-13_12	37	116	30
2014-10-13_13	90	97	14
2014-10-13_14	157	38	3
2014-10-13_15	182	23	1
2014-10-13_16	199	19	1
2014-10-13_17	204	20	1
2014-10-13_18	231	21	1
2014-10-13_19	241	25	1
2014-10-13_20	235	25	1
2014-10-13_21	189	39	1
2014-10-13_22	108	66	2
2014-10-13_23	69	78	3
2014-10-14_00	93	53	3
2014-10-14_01	112	44	3
2014-10-14_02	97	50	3
2014-10-14_03	68	62	4
2014-10-14_04	90	44.5	4.5
2014-10-14_05	46	27	5
2014-10-14_06	60	21	5
2014-10-14_07	70	17	5
2014-10-14_08	60	18	6
2014-10-14_09	47.5	21	7
2014-10-14_10	35	40	9
2014-10-14_11	38	48	14
2014-10-14_12	40	56	18
2014-10-14_13	42	67	22
2014-10-14_14	81	28	8
2014-10-14_15	97	25	6
2014-10-14_16	126	35	6
2014-10-14_17	226	53	3
2014-10-14_18	227	73	3
2014-10-14_19	233	91	3
2014-10-14_20	245	91	3
2014-10-14_21	211	85	2
2014-10-14_22	162	104	3
2014-10-14_23	92	121	5
2014-10-15_00	47	108	7
2014-10-15_01	78	58	6
2014-10-15_02	89	45	5
2014-10-15_03	67	38	6
2014-10-15_04	74	28	5.5
2014-10-15_05	89	18	5
2014-10-15_06	82	20	5
2014-10-15_07	82	21	5
2014-10-15_08	85	20	5
2014-10-15_09	77.5	24	5
2014-10-15_10	70	30	6
2014-10-15_11	80	35	7
2014-10-15_12	98	38	6
2014-10-15_13	107	34	5
2014-10-15_14	101	32	5
2014-10-15_15	129	30	4
2014-10-15_16	109	30	5
2014-10-15_17	85	27	6
2014-10-15_18	76	29	6
2014-10-15_19	56	36	7
2014-10-15_20	53	35	7
2014-10-15_21	57	30	6
2014-10-15_22	62	27	5
2014-10-15_23	69	22	5
2014-10-16_00	62	24	5
2014-10-16_01	70	24	5
2014-10-16_02	75	19	5
2014-10-16_03	71	17	4
2014-10-16_04	68	17	4
2014-10-16_05	69	17	4
2014-10-16_06	61	19	5
2014-10-16_07	43	25	6
2014-10-16_08	50	24	6
2014-10-16_09	51.5	24	5
2014-10-16_10	53	29	6
2014-10-16_11	61	31	7
2014-10-16_12	72	34	8
2014-10-16_13	91	39	6
2014-10-16_14	118	45	6
2014-10-16_15	154	48	4
2014-10-16_16	202	54	3
2014-10-16_17	258	51	2
2014-10-16_18	303	47	1
2014-10-16_19	322	46	1
2014-10-16_20	241	63	1
2014-10-16_21	97	69	3
2014-10-16_22	48	89	5
2014-10-16_23	25	112	7
2014-10-17_00	4	108	16
2014-10-17_01	17	68	11
2014-10-17_02	58	28	6
2014-10-17_03	59	30	5
2014-10-17_04	46	32	5.5
2014-10-17_05	50	34	6
2014-10-17_06	61	17	5
2014-10-17_07	65	12	5
2014-10-17_08	67	12	5
2014-10-17_09	58	16	5
2014-10-17_10	49	28	7
2014-10-17_11	29	56	18
2014-10-17_12	31	79	28
2014-10-17_13	66	95	21
2014-10-17_14	138	74	7
2014-10-17_15	208	63	3
2014-10-17_16	219	28	1
2014-10-17_17	213	24	1
2014-10-17_18	170	45	2
2014-10-17_19	112	48	3
2014-10-17_20	88	59	5
2014-10-17_21	71	44	5
2014-10-17_22	83	32	4
2014-10-17_23	80	26	3
2014-10-18_00	73	21	3
2014-10-18_01	73	20	4
2014-10-18_02	70	22	4
2014-10-18_03	73	20	4
2014-10-18_04	72	20.5	4.5
2014-10-18_05	77	21	5
2014-10-18_06	72	20	5
2014-10-18_07	54	21	6
2014-10-18_08	36	27	6
2014-10-18_09	32	35	8
2014-10-18_10	28	40	10
2014-10-18_11	35	56	16
2014-10-18_12	58	65	17
2014-10-18_13	102	53	7
2014-10-18_14	88	22	4
2014-10-18_15	89	19	3
2014-10-18_16	83	24	5
2014-10-18_17	102	29	5
2014-10-18_18	147	36	3
2014-10-18_19	117	28	3
2014-10-18_20	78	26	4
2014-10-18_21	62	28	5
2014-10-18_22	55	31	5
2014-10-18_23	43	46	5
2014-10-19_00	42	50	5
2014-10-19_01	20	63	6
2014-10-19_02	35	54	6
2014-10-19_02	25	60	6
2014-10-19_03	4	67.5	23.5
2014-10-19_04	3	75	41
2014-10-19_05	3	71	55
2014-10-19_06	3	72	39
2014-10-19_07	3	68	38
2014-10-19_08	3.5	63	43
2014-10-19_09	4	53	68
2014-10-19_10	17	68	48
2014-10-19_11	93	26	6
2014-10-19_12	108.5	23.5	4
2014-10-19_13	124	21	2
2014-10-19_14	152	20	1
2014-10-19_15	165	18	1
2014-10-19_16	169	18	1
2014-10-19_17	180	18	2
2014-10-19_18	182	17	1
2014-10-19_19	187	17	2
2014-10-19_20	167	19	1
2014-10-19_21	101	21	1
2014-10-19_22	80	17	2
2014-10-19_23	82	17	2
2014-10-20_00	81	16	2
2014-10-20_01	79	16	3
2014-10-20_02	75	17	3
2014-10-20_03	64	24.5	4
2014-10-20_04	53	32	5
2014-10-20_05	65	20	5
2014-10-20_06	79	15	3
2014-10-20_07	79	16	3
2014-10-20_08	64	21	4
2014-10-20_09	49	29	5
2014-10-20_10	37	43	7
2014-10-20_11	46	49	10
2014-10-20_12	66	37	7
2014-10-20_13	49	33	6
2014-10-20_14	69	23	6
2014-10-20_15	80	17	4
2014-10-20_16	76	20	4
2014-10-20_17	79	20	5
2014-10-20_18	67	20	4
2014-10-20_19	65	23	5
2014-10-20_20	60	23	4
2014-10-20_21	52	25	4
2014-10-20_22	42	28	5
2014-10-20_23	46	23	4
2014-10-21_00	53	18	4
2014-10-21_01	45	22	4
2014-10-21_02	45	24	4
2014-10-21_03	48	18.5	4
2014-10-21_04	52	13	4
2014-10-21_05	51	11	4
2014-10-21_06	49	10	4
2014-10-21_07	50	11	3
2014-10-21_08	40.5	18	4
2014-10-21_09	31	24	5
2014-10-21_10	28	28	6
2014-10-21_11	26	30	7
2014-10-21_12	28	29	8
2014-10-21_13	29	27	8
2014-10-21_14	37	22	9
2014-10-21_15	52	16	6
2014-10-21_16	49	19	6
2014-10-21_17	50	18	6
2014-10-21_18	52	18	5
2014-10-21_19	44	21	5
2014-10-21_20	40	22	6
2014-10-21_21	36	20	5
2014-10-21_22	28	24	4
2014-10-21_23	28	22	4
2014-10-22_00	30	20	4
2014-10-22_01	31	19	4
2014-10-22_02	31	18	4
2014-10-22_03	32	14	3.5
2014-10-22_04	40	10	3
2014-10-22_05	41	9	3
2014-10-22_06	36	11	3
2014-10-22_07	36	12	3
2014-10-22_08	30	15	3
2014-10-22_09	24	23	5
2014-10-22_10	12	32	10
2014-10-22_11	17	32	12
2014-10-22_12	30	25	10
2014-10-22_13	35	18	6
2014-10-22_14	30	25	9
2014-10-22_15	38	21	9
2014-10-22_16	39	24	8
2014-10-22_17	37	23	10
2014-10-22_18	39	23	9
2014-10-22_19	37	22	7
2014-10-22_20	34	21	6
2014-10-22_21	29	24	6
2014-10-22_22	33	21	4
2014-10-22_23	34	20	4
2014-10-23_00	33	19	4
2014-10-23_01	39	16	4
2014-10-23_02	34	18	4
2014-10-23_03	35	17.5	4
2014-10-23_04	33	17	4
2014-10-23_05	32	16	4
2014-10-23_06	34	15	4
2014-10-23_07	34	15	4
2014-10-23_08	31	16	4
2014-10-23_09	28	22	4
2014-10-23_10	34	22	4
2014-10-23_11	33	25	7
2014-10-23_12	35	26	10
2014-10-23_13	48	29	10
2014-10-23_14	70	36	8
2014-10-23_15	97	42	6
2014-10-23_16	142	46	4
2014-10-23_17	186	43	2
2014-10-23_18	164	41	2
2014-10-23_19	111	39	4
2014-10-23_20	78	40	5
2014-10-23_21	66	42	4
2014-10-23_22	51	43	4
2014-10-23_23	47	45	5
2014-10-24_00	66	38	4
2014-10-24_01	41	40	4
2014-10-24_02	10	50	7
2014-10-24_03	3	51.5	10
2014-10-24_04	2	53	13
2014-10-24_05	9	43	8
2014-10-24_06	15	34	6
2014-10-24_07	11	35	7
2014-10-24_08	7	37	7
2014-10-24_09	3	42	16
2014-10-24_10	9	45	21
2014-10-24_11	26	50	20
2014-10-24_12	41	57	19
2014-10-24_13	61	68	18
2014-10-24_14	95	69	11
2014-10-24_15	134	49	5
2014-10-24_16	167	38	2
2014-10-24_17	182	29	2
2014-10-24_18	171	45	2
2014-10-24_19	110	41	4
2014-10-24_20	93	39	3
2014-10-24_21	72	36	3
2014-10-24_22	73	30	3
2014-10-24_23	75	28	3
2014-10-25_00	70	33	4
2014-10-25_01	74	33	4
2014-10-25_02	60	38	4
2014-10-25_03	46	35.5	4.5
2014-10-25_04	43	33	5
2014-10-25_05	22	48	6
2014-10-25_06	9	58	8
2014-10-25_07	7	55	8
2014-10-25_08	7.5	59	12
2014-10-25_09	8	54	11
2014-10-25_10	19	42	8
2014-10-25_11	18	44	9
2014-10-25_12	20	47	13
2014-10-25_13	33	45	14
2014-10-25_14	60	52	12
2014-10-25_15	93	50	7
2014-10-25_16	125	38	5
2014-10-25_17	133	23	4
2014-10-25_18	124	21	3
2014-10-25_19	103	23	3
2014-10-25_20	77	26	4
2014-10-25_21	53	36	5
2014-10-25_22	48	33	5
2014-10-25_23	43	33	5
2014-10-26_00	33	33	5
2014-10-26_01	27	37	6
2014-10-26_02	20	38	7
2014-10-26_03	13	46.5	9
2014-10-26_04	3	55	11
2014-10-26_05	2	57	13
2014-10-26_06	2	54	11
2014-10-26_07	2	49	13
2014-10-26_08	2	44	14
2014-10-26_09	2	40	16
2014-10-26_10	6	46	19
2014-10-26_11	31	37	11
2014-10-26_12	52	31	9
2014-10-26_13	80	23	6
2014-10-26_14	89	28	5
2014-10-26_15	82	31	5
2014-10-26_16	94	32	5
2014-10-26_17	116	25	3
2014-10-26_18	80	21	4
2014-10-26_19	60	15	4
2014-10-26_20	51	17	5
2014-10-26_21	55	16	5
2014-10-26_22	54	16	4
2014-10-26_23	49	17	5
2014-10-27_00	43	20	5
2014-10-27_01	47	16	5
2014-10-27_02	50	16	5
2014-10-27_03	45	14	5
2014-10-27_04	49	12	5
2014-10-27_05	45	11	5
2014-10-27_06	41	12	5
2014-10-27_07	32	13	5
2014-10-27_08	19.5	22	6
2014-10-27_09	7	36	9
2014-10-27_10	19	38	13
2014-10-27_11	47	32	10
2014-10-27_12	84	39	7
2014-10-27_13	89	39	6
2014-10-27_14	137	28	3
2014-10-27_15	132	27	3
2014-10-27_16	131.021276595745	27.3404255319149	3.23404255319149
2014-10-27_17	130.042553191489	27.6808510638298	3.46808510638298
2014-10-27_18	129.063829787234	28.0212765957447	3.70212765957447
2014-10-27_19	128.085106382979	28.3617021276596	3.93617021276596
2014-10-27_20	127.106382978723	28.7021276595745	4.17021276595745
2014-10-27_21	126.127659574468	29.0425531914894	4.40425531914894
2014-10-27_22	125.148936170213	29.3829787234043	4.63829787234043
2014-10-27_23	124.170212765957	29.7234042553191	4.87234042553191
2014-10-28_00	123.191489361702	30.063829787234	5.1063829787234
2014-10-28_01	122.212765957447	30.4042553191489	5.34042553191489
2014-10-28_02	121.234042553191	30.7446808510638	5.57446808510638
2014-10-28_03	120.255319148936	31.0851063829787	5.80851063829787
2014-10-28_04	119.276595744681	31.4255319148936	6.04255319148936
2014-10-28_05	118.297872340426	31.7659574468085	6.27659574468085
2014-10-28_06	117.31914893617	32.1063829787234	6.51063829787234
2014-10-28_07	116.340425531915	32.4468085106383	6.74468085106383
2014-10-28_08	115.36170212766	32.7872340425532	6.97872340425532
2014-10-28_09	114.382978723404	33.1276595744681	7.21276595744681
2014-10-28_10	113.404255319149	33.468085106383	7.4468085106383
2014-10-28_11	112.425531914894	33.8085106382979	7.68085106382979
2014-10-28_12	111.446808510638	34.1489361702128	7.91489361702128
2014-10-28_13	110.468085106383	34.4893617021277	8.14893617021277
2014-10-28_14	109.489361702128	34.8297872340426	8.38297872340426
2014-10-28_15	108.510638297872	35.1702127659574	8.61702127659574
2014-10-28_16	107.531914893617	35.5106382978723	8.85106382978723
2014-10-28_17	106.553191489362	35.8510638297872	9.08510638297872
2014-10-28_18	105.574468085106	36.1914893617021	9.31914893617021
2014-10-28_19	104.595744680851	36.531914893617	9.5531914893617
2014-10-28_20	103.617021276596	36.8723404255319	9.78723404255319
2014-10-28_21	102.63829787234	37.2127659574468	10.0212765957447
2014-10-28_22	101.659574468085	37.5531914893617	10.2553191489362
2014-10-28_23	100.68085106383	37.8936170212766	10.4893617021277
2014-10-29_00	99.7021276595745	38.2340425531915	10.7234042553191
2014-10-29_01	98.7234042553191	38.5744680851064	10.9574468085106
2014-10-29_02	97.7446808510638	38.9148936170213	11.1914893617021
2014-10-29_03	96.7659574468085	39.2553191489362	11.4255319148936
2014-10-29_04	95.7872340425532	39.5957446808511	11.6595744680851
2014-10-29_05	94.8085106382979	39.936170212766	11.8936170212766
2014-10-29_06	93.8297872340426	40.2765957446808	12.1276595744681
2014-10-29_07	92.8510638297872	40.6170212765957	12.3617021276596
2014-10-29_08	91.8723404255319	40.9574468085106	12.5957446808511
2014-10-29_09	90.8936170212766	41.2978723404255	12.8297872340426
2014-10-29_10	89.9148936170213	41.6382978723404	13.063829787234
2014-10-29_11	88.936170212766	41.9787234042553	13.2978723404255
2014-10-29_12	87.9574468085106	42.3191489361702	13.531914893617
2014-10-29_13	86.9787234042553	42.6595744680851	13.7659574468085
2014-10-29_14	86	43	14
2014-10-29_15	122	30	15
2014-10-29_16	140	24	11
2014-10-29_17	153	23	7
2014-10-29_18	149	21	5
2014-10-29_19	158	25	4
2014-10-29_20	177	50	3
2014-10-29_21	124	61	5
2014-10-29_22	67	68	7
2014-10-29_23	33	74	10
2014-10-30_00	13	80	12
2014-10-30_01	4	84	21
2014-10-30_02	4	78	25
2014-10-30_03	2	76.5	33.5
2014-10-30_04	2	75	42
2014-10-30_05	4	66	24
2014-10-30_06	22	42	12
2014-10-30_07	28	34	11
2014-10-30_08	24.5	28	10
2014-10-30_09	21	41	10
2014-10-30_10	13	56	21
2014-10-30_11	27	70	28
2014-10-30_12	51	75	22
2014-10-30_13	87	56	12
2014-10-30_14	120	37.5	7
2014-10-30_15	135	19	2
2014-10-30_16	137	19	2
2014-10-30_17	139	20	2
2014-10-30_18	148	21	2
2014-10-30_19	149	19	2
2014-10-30_20	155	23	2
2014-10-30_21	132	52	2
2014-10-30_22	101	51	3
2014-10-30_23	78	56	5
2014-10-31_00	77	51	6
2014-10-31_01	76	41	6
2014-10-31_02	49	56	7
2014-10-31_03	39	56.5	8
2014-10-31_04	32	57	9
2014-10-31_05	55	40	8
2014-10-31_06	53	38	8
2014-10-31_07	42	39	9
2014-10-31_08	50	24	7
2014-10-31_09	58	22	7
2014-10-31_10	55	24	7
2014-10-31_11	61	23	7
2014-10-31_12	69	25	7
2014-10-31_13	89	23	6
2014-10-31_14	120	23	4
2014-10-31_15	147	22	3
2014-10-31_16	161	22	2
2014-10-31_17	173	21	1
2014-10-31_18	184	24	1
2014-10-31_19	154	31	2
2014-10-31_20	90	34	4
2014-10-31_21	82	37	5
2014-10-31_22	70	37	6
2014-10-31_23	73	34	7
2014-11-01_00	75	31	7
2014-11-01_01	82	29	6
2014-11-01_02	42	48	8
