#       O3      NO2     NO
2014-10-01_03	57	0	0
2014-10-01_04	57	0	0
2014-10-01_05	48	13.5	2
2014-10-01_06	17	27	4
2014-10-01_07	6	28	0
2014-10-01_08	5	33	1
2014-10-01_09	18.5	13	0
2014-10-01_10	32	3	0
2014-10-01_11	2	35	19
2014-10-01_12	3	42	19
2014-10-01_13	26	43	6
2014-10-01_14	64	33	2
2014-10-01_15	86	23	1
2014-10-01_16	66	23	3
2014-10-01_17	58	23	2
2014-10-01_18	59	17	1
2014-10-01_19	77	8	0
2014-10-01_20	75	7	0
2014-10-01_21	64	12	3
2014-10-01_22	50	23	2
2014-10-01_23	42	29	2
2014-10-02_00	45	23	6
2014-10-02_01	40	19	3
2014-10-02_02	44	6	0
2014-10-02_03	48	1	0
2014-10-02_04	50	0	0
2014-10-02_05	53	0.5	0
2014-10-02_06	60	1	0
2014-10-02_07	63	2	0
2014-10-02_08	59	2	0
2014-10-02_09	55.5	2	0
2014-10-02_10	52	5	0
2014-10-02_11	49	10	0
2014-10-02_12	29	30	2
2014-10-02_13	40	19	2
2014-10-02_14	14	42	11
2014-10-02_15	36	22	6
2014-10-02_16	43	9	0
2014-10-02_17	43	8	0
2014-10-02_18	41	8	0
2014-10-02_19	42	7	0
2014-10-02_20	41	7	0
2014-10-02_21	40	9	0
2014-10-02_22	35	14	1
2014-10-02_23	32	14	0
2014-10-03_00	31	16	0
2014-10-03_01	16	31	1
2014-10-03_02	12	38	4
2014-10-03_03	0	51	17
2014-10-03_04	0	49	25
2014-10-03_05	0	33.5	16.5
2014-10-03_06	27	18	8
2014-10-03_07	21	23	0
2014-10-03_08	27	14	0
2014-10-03_09	21.5	30	1
2014-10-03_10	16	25	1
2014-10-03_11	10	31	4
2014-10-03_12	13	29	6
2014-10-03_13	21	25	9
2014-10-03_14	31	18	4
2014-10-03_15	39	14	3
2014-10-03_16	38	15	3
2014-10-03_17	37	14	2
2014-10-03_18	35	19	3
2014-10-03_19	39	12	2
2014-10-03_20	38	12	1
2014-10-03_21	22	27	3
2014-10-03_22	18	30	2
2014-10-03_23	19	30	2
2014-10-04_00	19	30	1
2014-10-04_01	19	31	2
2014-10-04_02	15	33	3
2014-10-04_03	15	34	2
2014-10-04_04	21	25	1
2014-10-04_05	25	21.5	1
2014-10-04_06	20	18	1
2014-10-04_07	17	23	1
2014-10-04_08	23	15	0
2014-10-04_09	23	33	2
2014-10-04_10	23	20	1
2014-10-04_11	22	20	4
2014-10-04_12	38	9	2
2014-10-04_13	40	9	3
2014-10-04_14	44	7	2
2014-10-04_15	47	7	1
2014-10-04_16	48	8	2
2014-10-04_17	48	10	3
2014-10-04_18	50	8	2
2014-10-04_19	49	8	1
2014-10-04_20	50	7	1
2014-10-04_21	46	10	1
2014-10-04_22	39	15	0
2014-10-04_23	34	19	1
2014-10-05_00	22	30	2
2014-10-05_01	27	26	2
2014-10-05_02	30	20	1
2014-10-05_03	22	24	1
2014-10-05_04	33	12	0
2014-10-05_05	33	20	0.5
2014-10-05_06	17	28	1
2014-10-05_07	19	24	1
2014-10-05_08	22	19	0
2014-10-05_09	25.5	17	0
2014-10-05_10	29	13	1
2014-10-05_11	18	27	8
2014-10-05_12	40	9	2
2014-10-05_13	42	10	3
2014-10-05_14	41	12	3
2014-10-05_15	43	12	3
2014-10-05_16	50	8	2
2014-10-05_17	49	9	2
2014-10-05_18	52	6	1
2014-10-05_19	53	6	1
2014-10-05_20	53	6	1
2014-10-05_21	51	8	0
2014-10-05_22	53	7	0
2014-10-05_23	53	8	0
2014-10-06_00	52	8	0
2014-10-06_01	39	19	0
2014-10-06_02	39	20	1
2014-10-06_03	41	14	0
2014-10-06_04	45	8	0
2014-10-06_05	8	25	6.5
2014-10-06_06	4	42	13
2014-10-06_07	0	42	23
2014-10-06_08	0	41	19
2014-10-06_09	0.5	39	15
2014-10-06_10	1	40	38
2014-10-06_11	11	44	23
2014-10-06_12	30	25	8
2014-10-06_13	45	12	4
2014-10-06_14	51	10	2
2014-10-06_15	58	8	2
2014-10-06_16	59	10	2
2014-10-06_17	61	10	2
2014-10-06_18	62	9	2
2014-10-06_19	60	7	1
2014-10-06_20	57	10	1
2014-10-06_21	56	15	1
2014-10-06_22	32	33	2
2014-10-06_23	12	46	4
2014-10-07_00	23	34	1
2014-10-07_01	7	46	21
2014-10-07_02	0	53	27
2014-10-07_03	0	51	20
2014-10-07_04	0	47	27
2014-10-07_05	0	45.5	27.5
2014-10-07_06	0	44	28
2014-10-07_07	0	43	52
2014-10-07_08	0	37	50
2014-10-07_09	0	38	54
2014-10-07_10	0	43	112
2014-10-07_11	0	47	101
2014-10-07_12	5	54	38
2014-10-07_13	25	37	16
2014-10-07_14	22	49	25
2014-10-07_15	43	28	6
2014-10-07_16	51	26	4
2014-10-07_17	55	25	3
2014-10-07_18	60	22	3
2014-10-07_19	60	18	2
2014-10-07_20	58	18	2
2014-10-07_21	50	24	3
2014-10-07_22	31	43	6
2014-10-07_23	19	51	7
2014-10-08_00	25	41	6
2014-10-08_01	0	57	84
2014-10-08_02	0	47	30
2014-10-08_03	0	45	38
2014-10-08_04	0	45	38
2014-10-08_05	0	42.5	63
2014-10-08_06	0	40	88
2014-10-08_07	0	38	99
2014-10-08_08	0	36	85
2014-10-08_09	0	33	93
2014-10-08_10	0	36	88
2014-10-08_11	2	51	86
2014-10-08_12	27	34	10
2014-10-08_13	48	22	5
2014-10-08_14	70	11	2
2014-10-08_15	77	14	2
2014-10-08_16	71	12	2
2014-10-08_17	71	9	1
2014-10-08_18	78	7	1
2014-10-08_19	97	16	3
2014-10-08_20	86	19	2
2014-10-08_21	60	25	0
2014-10-08_22	29	41	1
2014-10-08_23	16	49	3
2014-10-09_00	26	39	1
2014-10-09_01	30	28	0
2014-10-09_02	26	27	0
2014-10-09_03	29	23	0
2014-10-09_04	3	40	31
2014-10-09_05	0	41.5	59.5
2014-10-09_06	0	43	88
2014-10-09_07	0	42	61
2014-10-09_08	0	39	68
2014-10-09_09	0.5	42	61
2014-10-09_10	1	48	39
2014-10-09_11	4	63	48
2014-10-09_12	16	57	36
2014-10-09_13	35	39	13
2014-10-09_14	55	24	5
2014-10-09_15	64	26	6
2014-10-09_16	70	20	5
2014-10-09_17	76	14	2
2014-10-09_18	75	21	6
2014-10-09_19	77	16	2
2014-10-09_20	77	15	1
2014-10-09_21	72	20	2
2014-10-09_22	60	31	3
2014-10-09_23	49	38	6
2014-10-10_00	51	28	1
2014-10-10_01	37	32	2
2014-10-10_02	0	62	65
2014-10-10_03	0	62	46
2014-10-10_04	0	49	57
2014-10-10_05	0	48.5	73
2014-10-10_06	0	48	89
2014-10-10_07	0	48	64
2014-10-10_08	0	49	45
2014-10-10_09	2	46	15
2014-10-10_10	4	42	14
2014-10-10_11	2	69	66
2014-10-10_12	26	43	12
2014-10-10_13	55	25	4
2014-10-10_14	65	26	4
2014-10-10_15	80	30	3
2014-10-10_16	89	18	1
2014-10-10_17	86	10	0
2014-10-10_18	88	8	0
2014-10-10_19	78	10	0
2014-10-10_20	93	12	0
2014-10-10_21	73	19	0
2014-10-10_22	42	39	3
2014-10-10_23	16	65	5
2014-10-11_00	4	77	20
2014-10-11_01	3	62	7
2014-10-11_02	7	46	3
2014-10-11_03	22	31	0
2014-10-11_04	10	43	1
2014-10-11_05	0	46	47.5
2014-10-11_06	0	49	94
2014-10-11_07	0	46	117
2014-10-11_08	3	45	80
2014-10-11_09	23.5	19	0
2014-10-11_10	44	7	0
2014-10-11_11	58	4	0
2014-10-11_12	77	5	0
2014-10-11_13	79	6	0
2014-10-11_14	78	7	0
2014-10-11_15	82	9	0
2014-10-11_16	86	6	0
2014-10-11_17	80	4	0
2014-10-11_18	77	2	0
2014-10-11_19	72	2	0
2014-10-11_20	71	2	0
2014-10-11_21	64	4	0
2014-10-11_22	59	9	0
2014-10-11_23	56	11	0
2014-10-12_00	57	8	0
2014-10-12_01	50	13	0
2014-10-12_02	4	42	7
2014-10-12_03	9	32	4
2014-10-12_04	4	41	0
2014-10-12_05	8	40	3
2014-10-12_06	0	39	6
2014-10-12_07	0	42	21
2014-10-12_08	0	42	32
2014-10-12_09	0	44	27
2014-10-12_10	0	45	17
2014-10-12_11	2	39	16
2014-10-12_12	11	41	18
2014-10-12_13	34	24	4
2014-10-12_14	55	7	0
2014-10-12_15	64	5	0
2014-10-12_16	64	7	0
2014-10-12_17	70	5	0
2014-10-12_18	68	5	0
2014-10-12_19	67	4	0
2014-10-12_20	65	5	0
2014-10-12_21	60	10	0
2014-10-12_22	50	15	0
2014-10-12_23	46	15	0
2014-10-13_00	29	30	1
2014-10-13_01	36	21	0
2014-10-13_02	42	12	0
2014-10-13_03	38	14	0
2014-10-13_04	23	22	0
2014-10-13_05	33	17	0
2014-10-13_06	25	12	0
2014-10-13_07	7	30	2
2014-10-13_08	3	34	1
2014-10-13_09	10.5	38	7
2014-10-13_10	18	23	2
2014-10-13_11	31	17	1
2014-10-13_12	37	15	0
2014-10-13_13	46	13	1
2014-10-13_14	54	12	0
2014-10-13_15	67	15	1
2014-10-13_16	73	17	1
2014-10-13_17	78	13	1
2014-10-13_18	79	9	0
2014-10-13_19	81	5	0
2014-10-13_20	81	11	0
2014-10-13_21	71	18	1
2014-10-13_22	54	31	5
2014-10-13_23	51	31	8
2014-10-14_00	62	23	5
2014-10-14_01	55	28	5
2014-10-14_02	73	10	0
2014-10-14_03	83	2	0
2014-10-14_04	81	2	0
2014-10-14_05	82	2	0
2014-10-14_06	80	2	0
2014-10-14_07	72	1	0
2014-10-14_08	66	3	0
2014-10-14_09	50.5	10	0
2014-10-14_10	35	38	0
2014-10-14_11	45	39	0
2014-10-14_12	35	48	5
2014-10-14_13	57	30	1
2014-10-14_14	69	6	0
2014-10-14_15	68	10	0
2014-10-14_16	77	8	0
2014-10-14_17	80	7	0
2014-10-14_18	82	13	0
2014-10-14_19	76	17	0
2014-10-14_20	68	17	0
2014-10-14_21	44	39	0
2014-10-14_22	23	58	1
2014-10-14_23	17	64	9
2014-10-15_00	50	20	0
2014-10-15_01	64	12	0
2014-10-15_02	61	10	0
2014-10-15_03	36	29	0
2014-10-15_04	42	23	0
2014-10-15_05	50	18	0
2014-10-15_06	49	13	0
2014-10-15_07	57	3	0
2014-10-15_08	41	14	0
2014-10-15_09	37	24	0
2014-10-15_10	33	23	0
2014-10-15_11	38	24	0
2014-10-15_12	37	25	1
2014-10-15_13	56	11	0
2014-10-15_14	62	10	0
2014-10-15_15	60	12	2
2014-10-15_16	51	17	0
2014-10-15_17	48	17	0
2014-10-15_18	46	16	0
2014-10-15_19	44	14	0
2014-10-15_20	38	18	0
2014-10-15_21	37	19	1
2014-10-15_22	30	22	1
2014-10-15_23	32	17	0
2014-10-16_00	19	28	0
2014-10-16_01	18	29	0
2014-10-16_02	10	37	1
2014-10-16_03	10	35	0
2014-10-16_04	1	44	6
2014-10-16_05	1	41	4
2014-10-16_06	11	38	2
2014-10-16_07	26	21	0
2014-10-16_08	20	29	0
2014-10-16_09	20.5	16	0
2014-10-16_10	21	24	3
2014-10-16_11	32	21	2
2014-10-16_12	49	12	0
2014-10-16_13	56	11	0
2014-10-16_14	56	13	0
2014-10-16_15	59	14	1
2014-10-16_16	65	10	0
2014-10-16_17	72	8	0
2014-10-16_18	76	7	0
2014-10-16_19	71	8	0
2014-10-16_20	76	6	0
2014-10-16_21	71	12	0
2014-10-16_22	64	15	2
2014-10-16_23	46	30	3
2014-10-17_00	42	37	7
2014-10-17_01	58	23	3
2014-10-17_02	65	7	0
2014-10-17_03	69	2	0
2014-10-17_04	66	0	0
2014-10-17_05	67	0.5	0
2014-10-17_06	62	1	0
2014-10-17_07	59	1	0
2014-10-17_08	48	3	0
2014-10-17_09	43	5	0
2014-10-17_10	38	14	0
2014-10-17_11	33	28	3
2014-10-17_12	59	9	0
2014-10-17_13	61	7	0
2014-10-17_14	61	8	0
2014-10-17_15	68	9	0
2014-10-17_16	66	17	2
2014-10-17_17	70	8	0
2014-10-17_18	66	7	0
2014-10-17_19	62	11	0
2014-10-17_20	62	11	0
2014-10-17_21	61	10	1
2014-10-17_22	48	22	5
2014-10-17_23	46	24	6
2014-10-18_00	49	22	6
2014-10-18_01	43	19	5
2014-10-18_02	32	24	5
2014-10-18_03	0	53	13
2014-10-18_04	4	47	19
2014-10-18_05	0	47.5	18.5
2014-10-18_06	1	48	18
2014-10-18_07	0	47	47
2014-10-18_08	0	47	51
2014-10-18_09	0	47	47
2014-10-18_10	0	48	66
2014-10-18_11	10	51	34
2014-10-18_12	26	43	10
2014-10-18_13	47	12	1
2014-10-18_14	51	9	0
2014-10-18_15	53	9	0
2014-10-18_16	60	14	1
2014-10-18_17	83	13	0
2014-10-18_18	74	22	2
2014-10-18_19	91	3	0
2014-10-18_20	47	35	1
2014-10-18_21	28	39	4
2014-10-18_22	11	52	8
2014-10-18_23	41	19	0
2014-10-19_00	49	16	0
2014-10-19_01	34	25	0
2014-10-19_02	15	41	6
2014-10-19_02	0	51	28
2014-10-19_03	0	52	48
2014-10-19_04	0	40.5	24.5
2014-10-19_05	14	29	1
2014-10-19_06	19	23	8
2014-10-19_07	0	43	42
2014-10-19_08	0	36	16
2014-10-19_09	0	44	32
2014-10-19_10	4	52	48
2014-10-19_11	17	48	28.5
2014-10-19_12	30	44	9
2014-10-19_13	30	57	16
2014-10-19_14	82	21	1
2014-10-19_15	112	11	0
2014-10-19_16	118	16	0
2014-10-19_17	127	14	0
2014-10-19_18	123	14	0
2014-10-19_19	120.47619047619	13.8571428571429	0
2014-10-19_20	117.952380952381	13.7142857142857	0
2014-10-19_21	115.428571428571	13.5714285714286	0
2014-10-19_22	112.904761904762	13.4285714285714	0
2014-10-19_23	110.380952380952	13.2857142857143	0
2014-10-20_00	107.857142857143	13.1428571428571	0
2014-10-20_01	105.333333333333	13	0
2014-10-20_02	102.809523809524	12.8571428571429	0
2014-10-20_03	100.285714285714	12.7142857142857	0
2014-10-20_04	97.7619047619048	12.5714285714286	0
2014-10-20_05	95.2380952380952	12.4285714285714	0
2014-10-20_06	92.7142857142857	12.2857142857143	0
2014-10-20_07	90.1904761904762	12.1428571428571	0
2014-10-20_08	87.6666666666667	12	0
2014-10-20_09	85.1428571428571	11.8571428571429	0
2014-10-20_10	82.6190476190476	11.7142857142857	0
2014-10-20_11	80.0952380952381	11.5714285714286	0
2014-10-20_12	77.5714285714286	11.4285714285714	0
2014-10-20_13	75.047619047619	11.2857142857143	0
2014-10-20_14	72.5238095238095	11.1428571428571	0
2014-10-20_15	70	11	0
2014-10-20_16	68	9	0
2014-10-20_17	65	9	0
2014-10-20_18	58	11	0
2014-10-20_19	55	12	0
2014-10-20_20	47	12	0
2014-10-20_21	43	10	1
2014-10-20_22	41	13	3
2014-10-20_23	43	9	2
2014-10-21_00	42	8	1
2014-10-21_01	40	9	1
2014-10-21_02	42	4	0
2014-10-21_03	42	2	0
2014-10-21_04	42	2.5	0
2014-10-21_05	41	3	0
2014-10-21_06	41	0	0
2014-10-21_07	40	1	0
2014-10-21_08	38.5	4	0
2014-10-21_09	37	4	0
2014-10-21_10	25	14	0
2014-10-21_11	23	21	1
2014-10-21_12	26	18	1
2014-10-21_13	22	16.2857142857143	1.42857142857143
2014-10-21_14	29	14.5714285714286	1.85714285714286
2014-10-21_15	30.6	12.8571428571429	2.28571428571429
2014-10-21_16	32.2	11.1428571428571	2.71428571428571
2014-10-21_17	33.8	9.42857142857143	3.14285714285714
2014-10-21_18	35.4	7.71428571428572	3.57142857142857
2014-10-21_19	37	6	4
2014-10-21_20	36	9	3
2014-10-21_21	35	10	1
2014-10-21_22	32	12	1
2014-10-21_23	26	17	1
2014-10-22_00	33	10	0
2014-10-22_01	26	16	1
2014-10-22_02	34	10	0
2014-10-22_03	30	10	0
2014-10-22_04	26	10	0.5
2014-10-22_05	30	10	1
2014-10-22_06	24	13	1
2014-10-22_07	27	11	0
2014-10-22_08	25.5	11	0
2014-10-22_09	24	16	1
2014-10-22_10	14	27	3
2014-10-22_11	14	29	8
2014-10-22_12	24	18	4
2014-10-22_13	25	19	5
2014-10-22_14	29	17	4
2014-10-22_15	32	15	4
2014-10-22_16	39	11	3
2014-10-22_17	38	11	2
2014-10-22_18	39	11	2
2014-10-22_19	39	12	2
2014-10-22_20	39	13	1
2014-10-22_21	38	15	1
2014-10-22_22	33	21	1
2014-10-22_23	34	19	0
2014-10-23_00	31	22	1
2014-10-23_01	23	24	1
2014-10-23_02	21	28	2
2014-10-23_03	10	36	3
2014-10-23_04	18	31	2
2014-10-23_05	17	26	1
2014-10-23_06	13	26	2
2014-10-23_07	0	40	19
2014-10-23_08	0	38	38
2014-10-23_09	0	36	57
2014-10-23_10	1	43	74
2014-10-23_11	11	40	28
2014-10-23_12	20	29	16
2014-10-23_13	39	14	5
2014-10-23_14	46	12	3
2014-10-23_15	51	10	2
2014-10-23_16	54	11	2
2014-10-23_17	52	13	2
2014-10-23_18	51	15	2
2014-10-23_19	58	8	1
2014-10-23_20	48	17	2
2014-10-23_21	52	17	1
2014-10-23_22	40	29	1
2014-10-23_23	37	27	0
2014-10-24_00	20	38	1
2014-10-24_01	1	59	25
2014-10-24_02	0	60	31
2014-10-24_03	0	55	65
2014-10-24_04	0	51	50
2014-10-24_05	0	47	35
2014-10-24_06	0	50	37
2014-10-24_07	0	35	83
2014-10-24_08	0	36	65
2014-10-24_09	0	39	44
2014-10-24_10	1	42	49
2014-10-24_11	14	48	25
2014-10-24_12	24	51	17
2014-10-24_13	25	51	12
2014-10-24_14	55	16	3
2014-10-24_15	62	12	1
2014-10-24_16	61	12	1
2014-10-24_17	63	12	1
2014-10-24_18	67	12	1
2014-10-24_19	63	11	1
2014-10-24_20	65	16	1
2014-10-24_21	53	25	1
2014-10-24_22	38	31	1
2014-10-24_23	46	28	0
2014-10-25_00	51	27	0
2014-10-25_01	35	42	0
2014-10-25_02	48	30	0
2014-10-25_03	50	26	0
2014-10-25_04	9	39.5	10
2014-10-25_05	0	53	20
2014-10-25_06	10	42	5
2014-10-25_07	14	35	15
2014-10-25_08	16	44	15
2014-10-25_09	18	35	1
2014-10-25_10	25	33	2
2014-10-25_11	9	45	27
2014-10-25_12	9	47	18
2014-10-25_13	46	28	2
2014-10-25_14	60	16	2
2014-10-25_15	71	6	1
2014-10-25_16	75	4	1
2014-10-25_17	72	7	1
2014-10-25_18	69	13	1
2014-10-25_19	58	21	1
2014-10-25_20	64	11	0
2014-10-25_21	54	13	0
2014-10-25_22	35	23	0
2014-10-25_23	33	21	0
2014-10-26_00	17	34	3
2014-10-26_01	11	38	4
2014-10-26_02	4	47	4
2014-10-26_03	6	39	10
2014-10-26_04	7	32	6.5
2014-10-26_05	9	25	3
2014-10-26_06	30	14	1
2014-10-26_07	5	34	24
2014-10-26_08	2.5	41	52
2014-10-26_09	0	34	54
2014-10-26_10	0	35	50
2014-10-26_11	0	37	39
2014-10-26_12	6	44	17
2014-10-26_13	29	19	2
2014-10-26_14	44	11	1
2014-10-26_15	49	5	1
2014-10-26_16	52	5	1
2014-10-26_17	56	8	1
2014-10-26_18	60	7	1
2014-10-26_19	54	6	1
2014-10-26_20	50	5	0
2014-10-26_21	46	7	1
2014-10-26_22	36	11	0
2014-10-26_23	35	12	0
2014-10-27_00	31	16	0
2014-10-27_01	32	11	0
2014-10-27_02	13	29	7
2014-10-27_03	0	44	21
2014-10-27_04	1	38.5	12.5
2014-10-27_05	3	33	4
2014-10-27_06	0	34	6
2014-10-27_07	0	34	40
2014-10-27_08	0	35	88
2014-10-27_09	0	30	66
2014-10-27_10	1	35	72
2014-10-27_11	13	29	19
2014-10-27_12	21	24	9
2014-10-27_13	32	16	6
2014-10-27_14	43	8	3
2014-10-27_15	44	7	2
2014-10-27_16	45	5	2
2014-10-27_17	45	4	1
2014-10-27_18	45	5	1
2014-10-27_19	46	5	1
2014-10-27_20	43	6	1
2014-10-27_21	37	13	3
2014-10-27_22	31	15	1
2014-10-27_23	12	32	4
2014-10-28_00	19	26	1
2014-10-28_01	17	29	1
2014-10-28_02	19	25	2
2014-10-28_03	26	15	0
2014-10-28_04	23	19	1
2014-10-28_05	15	23	2
2014-10-28_06	7	32	20
2014-10-28_07	0	37	28
2014-10-28_08	0	31	37
2014-10-28_09	0	34	55
2014-10-28_10	2	43	75
2014-10-28_11	10	49	46
2014-10-28_12	23	32	14
2014-10-28_13	39	14	4
2014-10-28_14	36	14	4
2014-10-28_15	41	12	5
2014-10-28_16	46	8	3
2014-10-28_17	40	10	4
2014-10-28_18	42	7	2
2014-10-28_19	41	5	1
2014-10-28_20	38	6	1
2014-10-28_21	32	12	1
2014-10-28_22	26	17	1
2014-10-28_23	16	27	2
2014-10-29_00	17	28	1
2014-10-29_01	20	21	1
2014-10-29_02	11	30	2
2014-10-29_03	6	32	4
2014-10-29_04	1	35.5	12.5
2014-10-29_05	0	39	21
2014-10-29_06	0	35	45
2014-10-29_07	0	29	25
2014-10-29_08	0	34	58
2014-10-29_09	0	34	89
2014-10-29_10	1	42	77
2014-10-29_11	9	48	42
2014-10-29_12	19	37	26
2014-10-29_13	39	30	11
2014-10-29_14	58	14	3
2014-10-29_15	66	8	1
2014-10-29_16	72	8	1
2014-10-29_17	78	10	2
2014-10-29_18	74	11	2
2014-10-29_19	84	9	1
2014-10-29_20	90	10	1
2014-10-29_21	83	15	0
2014-10-29_22	71	22	0
2014-10-29_23	48	40	6
2014-10-30_00	62	24	0
2014-10-30_01	48	35	0
2014-10-30_02	9	68	12
2014-10-30_03	0	63	39
2014-10-30_04	0	57.5	42.5
2014-10-30_05	0	52	46
2014-10-30_06	0	56	98
2014-10-30_07	0	48	77
2014-10-30_08	0	50	78
2014-10-30_09	0	58	101
2014-10-30_10	1	64	134
2014-10-30_11	10	68	84
2014-10-30_12	24	62	24
2014-10-30_13	41	45	14
2014-10-30_14	49	26	8
2014-10-30_15	67	21	5
2014-10-30_16	81	23	4
2014-10-30_17	85	24	4
2014-10-30_18	80	21	3
2014-10-30_19	77	18	1
2014-10-30_20	70	33	2
2014-10-30_21	58	45	6
2014-10-30_22	40	54	6
2014-10-30_23	46	37	1
2014-10-31_00	52	27	1
2014-10-31_01	13	57	29
2014-10-31_02	0	61	40
2014-10-31_03	0	65	32
2014-10-31_04	0	57.5	34.5
2014-10-31_05	20	50	37
2014-10-31_06	79	3	0
2014-10-31_07	83	2	0
2014-10-31_08	75.5	3	0
2014-10-31_09	68	4	0
2014-10-31_10	56	13	1
2014-10-31_11	67	12	2
2014-10-31_12	68	11	2
2014-10-31_13	67	11	2
2014-10-31_14	68	10	2
2014-10-31_15	65	11	2
2014-10-31_16	73	12	1
2014-10-31_17	66	10	1
2014-10-31_18	67	4	0
2014-10-31_19	66	10	2
2014-10-31_20	64	19	2
2014-10-31_21	58	26	1
2014-10-31_22	44	39	5
2014-10-31_23	48	31	2
2014-11-01_00	16	54	3
2014-11-01_01	14	49	16
2014-11-01_02	1	64	16
